9.64
9.47
9.03
9.44
11.07
9.11
9.23
9.55
11.17
9.84
11
10.01
10.12
9.24
11.32
9.55
10.37
9.49
8.99
9.66
10.78
11.31
9.71
9.86
10.42
9.57
8.92
10.8
10.31
8.64
11.06
8.65
10.5
8.3
7.87
9.5
9.54
11.24
8.96
9.5
9.51
9.29
9.63
9.09
10.36
9.21
10.46
9.09
9.68
10.51
10.78
10.27
10.61
9.59
9.61
10.6
10.2
9.31
8.47
10.71
7.98
11.25
8.19
9.97
9.86
12.07
11.09
10.53
9.74
10.92
8.65
9.31
11.2
8.6
12.55
11.95
10.9
10.97
9.26
10.32
8.74
11.06
8.99
9.74
9.59
10.55
10.95
10.8
9.69
11.75
10
9.14
10.06
9.69
10.11
11.15
10.73
10.6
10.33
9.63
